16
65    -2    -4     4     8    -3     1    -5    -5    -2     6     3     0     2     8    -8
8   -96    -9     5     9     7    -1     8     6    -8    -2     5    -1     2    10    -5
-7     6   -74    -4     1     2   -10    -7    -1    -5    -5     3    -1    -6    -1     6
8     9     6    93    -7     1    -3     7     8    -8    -2    -1    -4    -4    -8    -9
3     3     4     3   -68     8    -7     1    -6    -6    -8     1     0    -1    -5     9
-8    -9    -4    -7    -5   -89     6    10    -5    -5    -7    -4     0    -5    -2     5
-4     7     9    -8     7     5   -93    -8    -7    -2     9     5     6     7     2     0
1     9    -9     0    -5     5     1   -87    -7    -9     9    -6     6    -6    -5     2
9     4    -1     9     6    -2    -7    -8   -83     8     2     4     3    -5     2    -5
9     5    -2    -3    -5     1     2     9     2    76    -9    -6    -2    -7     4    -1
-7     5     5     2     9    -8    -5   -10     1     0    84    -3     6    -5    -6     9
9    -2     6    -6    -3    -9     3     5    -7     0    -3    66     1    -1    -8     1
9     3    -6     5    -6     1     4     6     7    -3     6     6   -77    -4    -4     0
0    -7     0    -5    -5     6     5     7     2     8   -10    -8     9    86    -4    -5
6     4    -1     0     2     9    -1    -8    -3    -3    -9     9     8    -1    70     0
-7    -9     3     4    -1    -7    -8    -2     0    -8    -7     6     1    -6     0    78
111
50
-436
8
-435
-743
-363
-867
-723
595
867
582
-877
1141
1096
973